 Amorphous Cell Composition, Si:         394 N:         473
          0         3 
         15.3599996567          0.0000000000          0.0000000000
          7.6799998283         13.3000001907          0.0000000000
          0.0000000000          0.0000000000         46.2299995422
N                   1
      11.7057342529       6.1000466347      31.3839054108
N                   2
       7.4548625946       7.0858020782      31.4038658142
N                   3
       2.4042096138       2.9121558666      43.2108497620
N                   4
      10.7886600494       0.6256920695      17.7292976379
N                   5
      15.6476697922       9.0288972855      24.0126171112
N                   6
      19.5738773346       9.0346403122      38.4155235291
N                   7
      13.0690317154      12.4314155579       1.5982582569
N                   8
      10.9235296249       5.1005768776       2.4715275764
N                   9
      16.7527446747       6.9082374573      24.4880332947
N                  10
       6.9128375053      11.0518379211      31.0272293091
N                  11
       1.0866814852       0.4598060846       0.3558812737
N                  12
       8.5467767715       0.7110386491      17.7252960205
N                  13
      14.3769483566       7.0450105667       3.0901093483
N                  14
       5.2726683617       8.9262847900      19.3003749847
N                  15
       5.9483823776       0.1023841873      31.7494964600
N                  16
       3.9713249207       5.0994257927      27.2283897400
N                  17
       6.9259314537       0.8889996409      43.0140724182
N                  18
      13.7551183701       5.5525631905      39.1182937622
N                  19
      18.8148422241       7.8333892822       4.2515292168
N                  20
      20.1428737640      12.3748035431      30.2306632996
N                  21
      14.5921850204      11.2540187836      19.2316417694
N                  22
       5.4593901634       7.0081515312      32.4160346985
N                  23
      10.7504806519       1.2231308222      42.0841293335
N                  24
      11.4118432999       8.6971197128      35.2364120483
N                  25
      13.9651594162       5.5327892303      12.1331949234
N                  26
      19.3676700592       9.3258333206       2.1942777634
N                  27
      18.6986236572      12.1072664261      34.0290641785
N                  28
       9.8849554062      10.1372327805      15.1742668152
N                  29
       2.7446904182       3.4906227589      29.2468757629
N                  30
      11.6707429886       0.6312761307      34.9688491821
N                  31
      10.6947851181       9.7898883820      45.8156585693
N                  32
      12.2381649017       4.3655147552      16.8896007538
N                  33
      16.4771251678       8.4140911102      11.4206056595
N                  34
      21.0315647125      10.0602579117      45.4232940674
N                  35
      13.2227668762      13.1807975769      33.4085845947
N                  36
       6.6003165245       4.8590030670      34.8276367188
N                  37
      18.6460475922      13.0679168701       3.3602607250
N                  38
      17.1215744019       9.6113824844      29.2004718781
N                  39
      15.7930936813      10.0196313858      40.9000015259
N                  40
       6.1201133728       8.6651945114      12.6073760986
N                  41
      10.2601356506       0.9667200446      20.1752986908
N                  42
      18.4400539398       8.4007415771      35.4350509644
N                  43
      10.9833726883      11.7666025162      22.0855369568
N                  44
       8.7976903915       3.6270411015      10.9923095703
N                  45
      13.2246379852      10.1943807602      16.6088142395
N                  46
       7.3211936951       6.3538317680       7.6976189613
N                  47
       6.0486731529       3.1623992920      22.4916896820
N                  48
       7.6295909882       3.6562583447      41.4986457825
N                  49
       5.3167014122       4.7782225609      42.0326881409
N                  50
       8.7516775131       2.2145431042       2.7998867035
N                  51
      17.5244503021       6.4706788063      41.8221092224
N                  52
      20.8594341278      11.9388275146      23.3240890503
N                  53
       7.9129848480      12.0924673080      23.8681716919
N                  54
      14.3606042862       0.8055049181      14.7488908768
N                  55
      14.6972055435      12.0318861008      45.6124534607
N                  56
      11.8049774170       6.7101535797      22.8365383148
N                  57
       8.8654670715       6.8666815758      12.3038501740
N                  58
      17.6049919128       4.2431378365       4.1945776939
N                  59
       7.8817162514       6.5698885918       3.4094192982
N                  60
       3.4376440048       3.5397188663      23.1476802826
N                  61
      15.2544851303       1.2067464590      17.7588806152
N                  62
       8.4116144180      12.6052637100      12.8094882965
N                  63
       8.2572507858       0.9808625579      42.2457771301
N                  64
       9.7458486557       6.6594018936      24.4902153015
N                  65
       7.2061853409       5.1090874672      21.4713191986
N                  66
      16.1642227173       3.6851871014      43.5014915466
N                  67
      15.1550350189      12.1537714005       2.3153774738
N                  68
      11.2023429871       7.0456385612      35.2047996521
N                  69
      18.0203895569       6.1771264076      35.6065559387
N                  70
       7.9960122108      12.5150308609      38.2699890137
N                  71
      12.0815019608       0.6661155820       5.7956357002
N                  72
      17.6787700653      10.1281385422       0.7335532308
N                  73
      18.6304435730      10.2437210083      31.8272800446
N                  74
       8.2832460403      11.0099687576      40.1390609741
N                  75
       1.2065294981       1.6673579216      29.1037864685
N                  76
      18.6236095428       9.1564531326      33.5357933044
N                  77
      16.3379211426      11.5476856232      46.2049369812
N                  78
      16.1432991028       8.3729257584      41.0786819458
N                  79
      16.7965297699       9.7917852402      10.7805967331
N                  80
      20.9228343964       9.6479778290      14.1612482071
N                  81
      21.3243007660      13.2927894592      16.2274284363
N                  82
      10.4061050415      11.8180074692      23.7286319733
N                  83
       6.4960360527       3.1014912128      27.3271808624
N                  84
       7.7441415787       4.0740776062      39.1097183228
N                  85
      10.5796766281       4.6685009003      19.0504932404
N                  86
      17.5340251923       7.8618106842      12.4505319595
N                  87
      12.8266973495      11.2515525818      19.2036895752
N                  88
      16.0903816223       5.4806742668      24.8395595551
N                  89
       8.4488153458       3.5819182396      13.2778167725
N                  90
      11.4432182312       5.5247473717       8.2440834045
N                  91
      11.3137025833       7.1461424828       7.1064710617
N                  92
       8.0051822662       6.2232990265      26.4276008606
N                  93
       4.9449005127       3.8199214935      37.0952110291
N                  94
       3.7306933403       2.3717565536       1.5280696154
N                  95
       9.9611864090       2.0444748402      24.7076148987
N                  96
      16.7152576447       7.6030087471      23.0447330475
N                  97
       6.6701788902      10.6719942093      44.1663208008
N                  98
       8.4630012512       0.4396133721      34.5935592651
N                  99
      11.7612285614       7.1081824303      25.6384086609
N                 100
      18.8309421539      12.7062969208      28.8867721558
N                 101
      14.2652931213       9.9522895813      38.9274902344
N                 102
      17.9409275055       7.3759646416       7.3860464096
N                 103
      16.4385433197      11.8468065262       9.8354969025
N                 104
       8.9208908081      11.1991262436       6.0296459198
N                 105
       4.4948749542       2.1249063015       4.2064819336
N                 106
      12.6118726730       2.8295934200      12.6942081451
N                 107
       7.4923315048       9.5056400299       0.1386689246
N                 108
       2.3992912769       1.7346807718      19.1527671814
N                 109
       4.9164786339       1.2101711035       1.2424871922
N                 110
       2.1549096107       3.6520218849      32.8149566650
N                 111
       3.5945892334       5.5100975037      11.0910673141
N                 112
      11.1092376709       0.3574536145       8.3628129959
N                 113
      10.8880767822      12.4740333557      41.0055732727
N                 114
       4.6210727692       3.1908111572      30.1446685791
N                 115
       6.2666854858       2.4059143066       6.9499793053
N                 116
      16.0628776550       4.2232747078      31.4986343384
N                 117
      16.8277072906      11.7969741821      17.8362121582
N                 118
       7.3169531822       8.6723794937      17.9245319366
N                 119
      11.6200485229       1.9994533062      23.1030178070
N                 120
      11.1588516235       9.0619039536       6.8204479218
N                 121
       8.9185142517       5.1313352585      27.1456356049
N                 122
      10.6537475586       5.1567440033      39.0909576416
N                 123
       6.1041154861       6.6465530396      27.2807102203
N                 124
      10.1522388458       1.9621881247      44.1685485840
N                 125
      17.4976329803       7.8095817566      25.7106246948
N                 126
      15.5580854416      11.2461547852       6.8490390778
N                 127
      19.2071113586       7.8484416008      45.4581871033
N                 128
      15.8799400330      12.7069377899      18.8972759247
N                 129
       6.5468058586       7.3967404366       6.5563254356
N                 130
      16.2413673401       1.9704135656      26.1152572632
N                 131
      13.8304357529      13.0779561996      11.6557950974
N                 132
       5.3176774979       5.4365944862      22.5840225220
N                 133
       9.7660160065       1.8862022161      21.4521293640
N                 134
       8.2110786438       7.5131502151      44.4314270020
N                 135
       9.4399108887       3.3532786369       5.8263983727
N                 136
      18.3261737823       6.1716055870      14.7589101791
N                 137
       9.3170413971      12.7825651169      29.0911121368
N                 138
       4.0361847878       1.6762081385       5.8578996658
N                 139
       6.4378085136       2.6567695141      30.1074581146
N                 140
      12.1174106598       4.2460203171      28.7381401062
N                 141
       6.7790842056       8.3692798615      37.1260604858
N                 142
      10.9764051437       1.6852707863      11.4577169418
N                 143
      14.5499267578       8.6616744995      22.0254325867
N                 144
      17.1093482971       8.2677326202      17.9979839325
N                 145
       9.9744472504      10.6808700562       9.3962554932
N                 146
       9.2214126587       3.2962932587       1.3117830753
N                 147
       9.6388568878       6.3365406990      41.6843566895
N                 148
       6.1118535995       5.1778755188      19.7169666290
N                 149
       1.9968035221       2.7032272816       6.5656280518
N                 150
      14.0676231384       0.3773894906      43.8023071289
N                 151
       5.4569401741       5.6724133492       6.0648393631
N                 152
      15.6441154480       1.8888785839      40.9435195923
N                 153
      13.5791034698      12.6015720367       4.2611842155
N                 154
      14.6110839844       1.7448056936       3.2852663994
N                 155
       8.2175645828      11.7791223526      16.8896121979
N                 156
       3.1992626190       1.2259086370      11.6988363266
N                 157
       6.1573715210       0.9451448321      36.2051658630
N                 158
       4.0187563896       3.3656613827      16.1584949493
N                 159
      13.0668687820       1.7969522476      20.9098320007
N                 160
      13.0081348419      10.4159355164      37.3975028992
N                 161
       8.8654479980       6.0555863380      43.0713005066
N                 162
       9.6316738129       4.6486697197      30.1255893707
N                 163
      15.8990507126       6.0155911446       9.9509305954
N                 164
      20.5232086182      10.7589616776      31.4175434113
N                 165
      17.1645393372      12.3912677765      42.0194511414
N                 166
       8.3108549118       8.6668901443      11.5632972717
N                 167
      12.0916423798       2.8628029823      39.7975387573
N                 168
      19.1803054810       9.0385751724      21.7864513397
N                 169
      15.1437664032       3.3266680241      27.7561931610
N                 170
      13.1077842712       6.7292108536      21.3695735931
N                 171
      17.1687641144       7.9852342606      43.9817123413
N                 172
      12.9049568176      10.0527172089      20.3102302551
N                 173
      18.1630420685       6.1478552818      38.1257553101
N                 174
      17.0253658295      12.6531858444      31.8515834808
N                 175
      11.6075420380       8.4154233932      32.4630126953
N                 176
      16.0414047241       5.8430905342      45.6357307434
N                 177
      16.9164199829      10.9684734344      44.1225967407
N                 178
      16.0772666931       9.1634454727      39.3541870117
N                 179
      22.2410888672      13.1290340424      24.8451805115
N                 180
      10.9816455841      11.3218841553       4.7817468643
N                 181
       5.5396013260       6.8419799805      40.5236320496
N                 182
       7.1538481712       1.3756701946      20.3429775238
N                 183
      12.0381021500       5.5065779686      33.7362289429
N                 184
      17.8932304382       7.6703286171      40.1860580444
N                 185
      13.4910144806      11.6583242416      33.0841407776
N                 186
      14.5884170532       5.8525114059      37.0172958374
N                 187
       5.9896340370       9.8648185730      21.4194049835
N                 188
      13.7560634613       0.2539278865       3.0139026642
N                 189
       4.5596923828       6.1621913910      30.8667926788
N                 190
      11.4588537216       0.8670756221      31.5311260223
N                 191
      12.9892492294       9.4885168076       9.2254133224
N                 192
      14.0106296539       6.5029435158      42.3759803772
N                 193
       8.3032960892       9.0712518692      41.1455535889
N                 194
      20.3397045135      12.1912307739       6.4349832535
N                 195
      20.3206615448      11.5162391663      20.8195610046
N                 196
       6.3155565262       7.2345108986       9.9640359879
N                 197
       8.2751054764       5.9321088791      20.3285045624
N                 198
      10.3299922943       4.1992387772      21.6139888763
N                 199
      13.5241327286      11.7240037918      16.8812465668
N                 200
      10.5583772659       5.8483476639       9.7785120010
N                 201
      11.8038940430      10.7284412384       7.1011252403
N                 202
       6.0533404350       4.8565993309      29.1474666595
N                 203
      10.8639783859       2.0429368019       0.0406274274
N                 204
      14.3092870712       8.3854923248      35.7520599365
N                 205
       4.7427062988       8.1974573135      33.6246948242
N                 206
      11.8854341507       0.0116881849      19.3113651276
N                 207
      17.1112079620      10.2855806351      31.5517044067
N                 208
      10.4884967804       9.6735553741      31.4623699188
N                 209
       8.8675174713       4.2450594902       9.4892482758
N                 210
      15.6949834824       9.0771722794      32.7733917236
N                 211
       8.3795337677       9.0514717102      38.3111686707
N                 212
      17.3127231598      11.1243839264       3.7787253857
N                 213
       7.8167448044      11.0218153000      29.1050987244
N                 214
       1.9816222191       1.2574977875       9.8863859177
N                 215
      12.3628559113       1.0871089697       9.8722658157
N                 216
      15.5377769470      10.1612625122       3.7474336624
N                 217
       4.9224624634       2.8442337513      44.0183410645
N                 218
       6.5948672295       1.0781066418      18.0229263306
N                 219
      17.6113319397       5.1713461876      12.4457921982
N                 220
      21.8668785095      12.6637229919      31.9989700317
N                 221
      13.2652950287      12.6023492813      13.1309366226
N                 222
      12.6992835999       3.5805547237      36.2380790710
N                 223
       9.6786346436       9.2058467865      19.5303077698
N                 224
      14.1140460968       3.7776651382      13.0440607071
N                 225
      18.0064945221      10.3323144913       8.9671096802
N                 226
      12.5090618134      10.4254045486       0.5231415033
N                 227
       5.1462945938       3.7526714802      45.4549827576
N                 228
       1.6634838581       2.5797657967      11.2826204300
N                 229
       3.0333197117       0.1505036205      37.8959312439
N                 230
      11.2999200821      13.0770339966      18.4061756134
N                 231
       8.3914413452      10.9023561478       8.1771793365
N                 232
       7.1634573936       1.8148491383      38.2948341370
N                 233
       7.3326396942       7.9934344292      45.6723251343
N                 234
      14.0819673538       2.3525087833      11.8889007568
N                 235
       8.7845125198      11.0171165466      10.7992906570
N                 236
      16.3860855103       2.0978231430       4.6986951828
N                 237
      11.5374641418      13.1395616531      10.1433439255
N                 238
       4.1507186890       1.3517769575      36.7422065735
N                 239
      11.4343280792       2.9181585312      32.1873054504
N                 240
      15.5652990341       8.4417390823      34.8084259033
N                 241
      16.9123058319       9.2600297928       2.6092486382
N                 242
      16.0664176941      10.0141048431      27.6555500031
N                 243
      14.8713989258       8.9046239853      10.4945621490
N                 244
       9.6220693588       0.7506598830      32.3533401489
N                 245
       8.0811395645       7.9562802315       5.4291071892
N                 246
       6.6398453712       3.0192015171      35.2536392212
N                 247
      13.1976690292       4.2397446632      24.3226680756
N                 248
       7.1785583496       9.3077964783      25.6073150635
N                 249
      12.6149997711       1.5619106293      27.1827239990
N                 250
      13.9377918243      10.1421890259      15.2404766083
N                 251
      12.5487012863       6.9974365234      32.4991950989
N                 252
      13.2855463028       7.3670191765       6.6129789352
N                 253
       9.5794296265       7.8202519417       7.4748182297
N                 254
      13.3297538757       4.3845629692      22.4365787506
N                 255
       7.5961318016       9.3497581482      39.7682342529
N                 256
       8.6963539124       2.1504452229      25.7425117493
N                 257
      16.9403629303       6.4548239708      34.1638069153
N                 258
      19.0982913971      11.4410018921      14.6090097427
N                 259
      11.4199819565       4.1328263283      11.9662981033
N                 260
      12.4745178223       7.8219833374      17.1155548096
N                 261
      10.5967016220       6.8905115128      18.1692008972
N                 262
       7.6745853424       3.4426081181      22.0006771088
N                 263
       8.8800859451       4.9240078926      17.9294376373
N                 264
       9.8822326660       5.2271332741      12.9117069244
N                 265
       9.6119689941       6.3294186592      17.0931682587
N                 266
       7.2684812546       5.1581549644      11.7388238907
N                 267
       3.3470890522       3.7145946026      31.0565700531
N                 268
       6.7398629189       4.9175677299      23.7592735291
N                 269
      12.2687234879       3.3771655560      33.6835517883
N                 270
      13.0875597000       8.9939508438      43.6759147644
N                 271
      15.1384515762       6.8353524208      21.2980308533
N                 272
      14.3320093155      12.5652112961      21.2858619690
N                 273
      17.9790554047       6.1272726059      23.9076194763
N                 274
      12.1596107483      12.5041666031      30.5744647980
N                 275
      11.4794816971       6.1237716675      27.9987220764
N                 276
      14.1300945282       6.8780307770      45.6060180664
N                 277
      19.8039932251       8.0550079346      15.8946819305
N                 278
       9.8863878250      13.1204853058      25.0432586670
N                 279
      10.4273910522       8.9123077393      38.3357009888
N                 280
      10.9611854553       4.5727725029       0.6911622286
N                 281
      12.1906585693       7.2047448158      12.6767053604
N                 282
      16.7522678375       6.9533410072      29.7249031067
N                 283
       6.5981926918      11.0288743973      25.2478847504
N                 284
       4.3266777992       0.1988418400      42.4320945740
N                 285
      11.1442489624      12.2073736191      39.0169792175
N                 286
      11.2400827408      12.9021520615      21.0693874359
N                 287
      14.8583698273       3.2815482616      37.7745895386
N                 288
      16.0508460999       6.0614938736      32.6822967529
N                 289
       6.6145401001      10.8674468994      32.7228012085
N                 290
      16.0192584991       7.7462000847      12.9218254089
N                 291
      21.0030765533       9.9977426529      34.8510704041
N                 292
       8.4189710617      10.0263729095       3.6945497990
N                 293
       5.0344281197       6.5926914215      36.1977157593
N                 294
       3.1186833382       1.0628923178      34.5189743042
N                 295
      15.1271648407       2.1689763069      20.1759490967
N                 296
      18.9641075134      12.0139036179       0.2931655645
N                 297
      17.4823684692      10.4137926102      27.0347080231
N                 298
      12.4379901886       9.9308319092      23.9692554474
N                 299
       3.4491522312       5.8044586182       3.0904619694
N                 300
       9.0310325623       0.0843413845      25.1501636505
N                 301
      10.1643676758       7.2355003357      28.9797992706
N                 302
       7.5829596519       2.8704831600      32.7918548584
N                 303
      15.9566822052       8.7654094696      37.7205390930
N                 304
      13.3947839737       4.9463977814       4.7985444069
N                 305
      10.0334510803       9.1251487732      24.0839729309
N                 306
       2.5256724358       4.1252441406      35.8689384460
N                 307
      15.9184894562       6.9287662506       3.2654488087
N                 308
       1.5094921589       0.7352077365      13.7313318253
N                 309
       3.0042810440       0.9394434094       2.3393507004
N                 310
      10.1207647324       9.6260576248      21.1345844269
N                 311
      10.8515901566       6.9158444405      38.5411224365
N                 312
       5.5464658737       1.9991425276      26.7105827332
N                 313
      17.0876655579      11.0879716873      15.3102130890
N                 314
      14.2171325684       9.2519750595       2.6570734978
N                 315
       3.4262402058       4.4046254158       0.0766145512
N                 316
      15.5999298096       0.7644187212      39.5817832947
N                 317
      15.9104166031      13.1255426407       1.3570948839
N                 318
       4.1910333633       7.2138266563      17.4541530609
N                 319
      13.1638450623       0.0220413934      22.6365966797
N                 320
      10.4206361771       5.0214200020      31.4055194855
N                 321
      15.7754106522       7.6630988121       1.6452124119
N                 322
      16.1097412109       9.8281497955       5.6634917259
N                 323
       4.6651520729       7.1323451996       8.7039794922
N                 324
       2.1550176144       0.4733144045      16.2414588928
N                 325
      12.1310939789       4.6725373268      25.5588073730
N                 326
       6.6007819176       8.0812320709      16.5006313324
N                 327
       9.4591217041       1.6749048233      38.7454376221
N                 328
      15.6144227982       4.7470993996      11.6281185150
N                 329
      21.4011344910      11.1467514038      19.6170406342
N                 330
       5.8526916504       3.4448878765      41.5105705261
N                 331
      15.7473134995       5.6436653137      35.1633338928
N                 332
      12.2769298553       9.2415904999       5.3890748024
N                 333
       7.5194220543       6.0096201897       9.6880655289
N                 334
      12.2467327118       3.5061478615       5.2552227974
N                 335
       3.3554954529       2.7871787548       8.1352844238
N                 336
       9.2745590210       1.5118854046      27.7083797455
N                 337
       4.2941417694       7.2747631073      19.9671134949
N                 338
       2.7496507168       0.0808533207       3.8142716885
N                 339
       4.5843529701       5.7443780899      38.6578216553
N                 340
      15.7265110016       4.9916224480       1.3700348139
N                 341
      15.9001274109       1.6443747282      22.8489265442
N                 342
       7.9304938316      12.9455022812      35.5710868835
N                 343
       1.4618206024       0.3941480517      43.1802215576
N                 344
       8.2087078094       1.0686951876      11.5646753311
N                 345
      15.6143550873       6.5734529495      16.6269779205
N                 346
      14.5757627487       4.7834482193      31.0620918274
N                 347
      13.5861072540      10.2292165756      31.5134029388
N                 348
       5.1756005287       3.0666043758      28.5058937073
N                 349
      10.3439722061       2.9481749535      17.1728591919
N                 350
      14.3450536728       7.4826073647      10.3925533295
N                 351
      10.4412794113       8.2009172440      30.1887245178
N                 352
       6.3058004379       4.9404935837       7.6708240509
N                 353
       5.3159728050       2.9898540974      34.3999328613
N                 354
      11.8250074387       3.1080963612       7.3855943680
N                 355
       7.5637736320       8.6850538254       2.2023239136
N                 356
      12.7037620544       2.2068345547      30.6039600372
N                 357
       8.1685962677       9.8965854645       5.7761926651
N                 358
      10.5340833664       0.6335909367      22.3836612701
N                 359
       7.0032601357       8.8045139313      28.7109375000
N                 360
      13.2577657700       6.4395999908      27.4396057129
N                 361
       9.2546701431       0.2386596650       2.4822850227
N                 362
       7.1958470345       0.7141335011       3.0214195251
N                 363
      11.3662624359       5.8737125397      20.4701938629
N                 364
       7.3031945229       0.8692381978      15.2122602463
N                 365
      18.4101142883       5.8891105652      20.6153335571
N                 366
      14.6892480850      12.9964942932      34.3615455627
N                 367
       9.3766317368       4.3764452934       7.9228663445
N                 368
       8.8623809814       9.8855409622      43.4435043335
N                 369
       7.0380959511       2.2793450356      11.7866821289
N                 370
      22.0372047424      12.4983482361       5.7255244255
N                 371
       2.4424896240       0.9354575276      23.9335994720
N                 372
       9.0357036591       1.6471874714       4.8626928329
N                 373
       6.5011487007       7.0002903938      38.9060516357
N                 374
       8.2816896439       5.6377415657      40.3072013855
N                 375
      13.4731798172       4.3521237373      35.0536994934
N                 376
      17.8217773438       7.6711182594      32.3513336182
N                 377
      18.3427238464      11.5960588455      17.9862442017
N                 378
      18.6734676361      10.0846681595      43.2362136841
N                 379
      11.3503561020       9.3072195053      16.7391166687
N                 380
      16.4847087860      12.4387111664      21.0379867554
N                 381
      11.1333026886       7.1754102707       3.8410444260
N                 382
       9.6649456024       6.0524597168      19.4895801544
N                 383
       3.1227757931       3.1978569031      13.3958969116
N                 384
       7.1135449409       1.1050376892       4.8527178764
N                 385
       8.0786886215       6.2826528549      37.0773200989
N                 386
       4.1298522949       1.3960880041      30.9195556641
N                 387
      13.9808511734       2.8779349327      39.9262008667
N                 388
      14.2609643936      10.6668481827      11.2685670853
N                 389
      14.3238077164       7.0149374008      32.8956184387
N                 390
      10.3767766953      11.4864482880      17.6978302002
N                 391
      12.8016281128       3.2418763638       3.7448766232
N                 392
       4.1843094826       5.0915236473      36.7691421509
N                 393
       7.6840739250       1.0773710012      22.7147884369
N                 394
       7.1078100204       6.1148424149       0.1492611468
N                 395
       4.1123838425       0.0429412387       8.6368989944
N                 396
      12.2534141541       3.5393826962      44.5414695740
N                 397
       6.1350913048       5.6550393105      36.7924003601
N                 398
       9.4583292007      12.8142242432       7.9125056267
N                 399
      20.6434135437      10.5848789215       2.9496326447
N                 400
      10.6226491928       2.2763643265      13.5207881927
N                 401
       5.6341094971       8.0598154068      23.5614929199
N                 402
       5.8274798393       0.8485856652      38.1784172058
N                 403
      10.0745010376       3.8898222446      33.5834617615
N                 404
      16.5990219116       6.7784528732      15.2297410965
N                 405
      19.1578617096      10.9836244583      37.0803527832
N                 406
      17.5658836365      11.0967016220      29.2064132690
N                 407
      10.6391906738       9.6616926193       2.0960929394
N                 408
       5.5483722687       8.4024505615      35.4614067078
N                 409
       0.9844298959       0.6030291915       2.8538396358
N                 410
      12.9595746994       2.0390903950      42.9545860291
N                 411
       6.8392510414      10.2019624710      10.1944313049
N                 412
       8.4505920410       0.8210268021       9.4569425583
N                 413
      10.5229864120      12.3576898575      32.3467063904
N                 414
       4.8356451988       2.9328560829      32.6597023010
N                 415
      12.9401912689       3.4816522598      10.7534494400
N                 416
      11.2765684128       9.4638977051      20.1607265472
N                 417
       5.1138024330       2.6685717106      39.8126831055
N                 418
       8.4848632813       3.0936810970      45.1777191162
N                 419
      16.8335838318       6.2443289757       1.5830477476
N                 420
       3.9398765564       5.9121031761      34.8192138672
N                 421
      11.8117303848       0.4207936823      15.2364206314
N                 422
      11.3821306229      10.9444503784      19.9074840546
N                 423
      10.7348327637       7.1358242035      44.7002334595
N                 424
      18.2648086548       5.3676261902      40.1051788330
N                 425
      11.4487609863      11.5379381180      29.5651607513
N                 426
       4.6724009514       4.1443462372      21.6390857697
N                 427
      16.4627494812       1.9735909700      43.0824089050
N                 428
      12.1011638641       8.5056600571      37.6962432861
N                 429
      17.7673702240      12.3944635391      26.4808368683
N                 430
      17.8297767639       9.1872749329       7.3605523109
N                 431
      14.5802907944      10.8449077606      43.6989097595
N                 432
      12.9572896957       7.2024078369      37.9702529907
N                 433
      15.7418184280       2.1175718307       1.8988858461
N                 434
       5.5933518410       0.5462942123      23.9828796387
N                 435
       2.3277721405       1.4632555246      25.9573879242
N                 436
       4.3283166885       6.8996820450      23.8966541290
N                 437
      14.3305492401       6.8748755455       1.0540205240
N                 438
      16.5033531189       8.9711761475       8.8754062653
N                 439
       5.7143735886       9.2895193100      15.9896478653
N                 440
      10.4657993317       8.9241800308      42.5832519531
N                 441
       7.5408797264       2.9480290413       1.2176765203
N                 442
       7.0705223083       7.7940087318      35.2431564331
N                 443
       1.6895360947       2.2252578735      32.9941329956
N                 444
      16.8171596527      10.1391735077      42.7860031128
N                 445
       6.6688785553       9.4921474457      42.9799270630
N                 446
      21.3880195618      12.3091907501      38.4289588928
N                 447
      13.7517280579      12.3649806976      42.4962768555
N                 448
      16.3008861542      12.2258386612      22.6904621124
N                 449
      15.7387037277       8.0017805099       7.4624185562
N                 450
      13.5360717773       9.6270246506      45.1258163452
N                 451
       6.2488751411       6.5278639793      12.6323966980
N                 452
      16.2328338623       2.1468780041      24.5678768158
N                 453
      10.2612886429       3.6342391968       4.5042986870
N                 454
      14.8112125397       7.0679812431      25.3680686951
N                 455
       6.6194987297       8.8717536926      30.8800411224
N                 456
       9.1768665314       1.2958506346      22.8896427155
N                 457
      14.9504127502       8.1228094101      27.2242889404
N                 458
      13.4350719452       7.6020479202      23.2201499939
N                 459
      11.3012275696       7.8322095871      33.8109474182
N                 460
       5.7119731903       5.8694634438       1.4634801149
N                 461
       3.0010454655       4.2645416260      17.7046298981
N                 462
       4.0346407890       0.4662907124      25.5110702515
N                 463
       3.5289824009       3.2603914738      27.6070976257
N                 464
       6.7055401802       1.4254987240      28.2516365051
N                 465
      11.4172954559       5.0934801102      43.2366752625
N                 466
      10.6078948975       5.4202513695      24.6959972382
N                 467
      13.6615447998       9.4489841461      12.9491930008
N                 468
      11.4257135391       3.6794033051      24.5245265961
N                 469
      13.5501947403       9.3548126221      19.1158332825
N                 470
      18.4857387543       7.0555095673      27.6213150024
N                 471
      10.8215732574      12.4787769318      36.1981887817
N                 472
      20.1485309601      10.4139289856      24.3822975159
N                 473
      14.4077033997      10.9216575623      41.5848617554
SI                474
      14.9201383591       1.9109991789       0.2226241827
SI                475
      10.7701625824      11.9636306763      43.2683067322
SI                476
       5.0775985718       8.6651430130      39.7007446289
SI                477
      14.4129562378       0.0640471950      12.8948650360
SI                478
      15.3053541183       3.6621942520      23.4302749634
SI                479
      16.7715072632       3.7097494602      19.2536525726
SI                480
      15.0994186401      12.6673288345      32.4752464294
SI                481
       5.7808814049       6.7407026291      20.1789798737
SI                482
       7.4181551933      10.1901245117      13.7332715988
SI                483
       8.6816091537       5.8688259125      15.6492967606
SI                484
      13.9185113907       3.9509520531       2.5706713200
SI                485
      11.0180358887      10.0763597488      26.4982414246
SI                486
       3.3943340778       4.3990859985       9.3607311249
SI                487
      20.7633934021      12.9588260651      37.2110977173
SI                488
      14.1948719025      11.4993066788       7.4986810684
SI                489
       3.6968700886       2.1573104858      21.6403217316
SI                490
       2.1121947765       2.1224107742      17.5955123901
SI                491
       2.7358098030       0.7677133679      40.8536567688
SI                492
       8.3362846375       1.9850412607      19.6076831818
SI                493
      16.4967689514       5.0620875359      30.1093425751
SI                494
      13.1699466705       5.4828972816      37.6504707336
SI                495
       3.2917399406       4.1007547379      42.5081024170
SI                496
      12.9713287354       0.7998923063      41.6633033752
SI                497
      21.0173969269      11.9388341904       7.8959064484
SI                498
      20.9044036865      12.2292404175      26.4639854431
SI                499
       8.5373840332      10.2416152954      37.1350669861
SI                500
      15.6919116974      11.5642700195      24.3017253876
SI                501
      14.3096485138      10.7982082367      26.8070373535
SI                502
      13.6699943542      12.5002889633      40.7186470032
SI                503
      12.1325769424       5.5865054131      15.6296558380
SI                504
      11.9574022293      11.7144279480      33.2356376648
SI                505
      11.4669761658       0.9691553712       4.1539063454
SI                506
       4.1401758194       4.7797446251       4.4578847885
SI                507
      11.1038484573       1.2824976444      40.5988006592
SI                508
      19.7332229614      10.8135213852      41.4463005066
SI                509
      15.6654376984      10.2324886322      22.4895401001
SI                510
      20.3777236938      11.9237689972      17.4510993958
SI                511
       8.7761135101       5.0205416679       3.5514609814
SI                512
      13.4997100830       5.0888376236       6.6248497963
SI                513
       7.1505136490       9.1447839737      22.0813255310
SI                514
       9.0979299545       9.4242191315      29.0678768158
SI                515
      17.1526165009      12.9792127609      16.7537536621
SI                516
      19.1890907288       9.0599412918      36.7194671631
SI                517
      15.9807415009       4.8199210167       3.3984081745
SI                518
      18.7988624573      11.4275312424      23.0516891479
SI                519
      12.6875438690      10.5638961792      22.3694324493
SI                520
      10.6394252777       6.4355063438      43.1253509521
SI                521
      15.2154197693       6.6454401016       6.7586135864
SI                522
      20.0175018311       9.8520898819       5.0861439705
SI                523
      11.7741041183      12.4068183899       3.7132873535
SI                524
      11.1469717026       7.7894711494      27.7441234589
SI                525
      11.2057170868       7.9817619324      46.0173606873
SI                526
      11.4369049072       1.9788706303      18.6186599731
SI                527
      18.3669719696      13.2388257980      37.8867416382
SI                528
       7.4431858063       0.1277836412      29.8136196136
SI                529
      14.8381290436       8.4994697571      17.4455337524
SI                530
      11.9328956604      10.6271600723      15.4549989700
SI                531
       8.3919925690       5.0189404488      32.0645942688
SI                532
       8.1263141632       5.1803550720      13.4772176743
SI                533
       5.5906400681       1.9271330833      14.5485210419
SI                534
      18.2445049286       8.8691883087      27.8419895172
SI                535
       9.2577972412       6.8698687553      38.5395469666
SI                536
       6.7025079727       4.5812578201       5.7505774498
SI                537
       8.3130559921      11.0875177383      21.1754531860
SI                538
       5.6218652725       8.4404363632       7.2060003281
SI                539
      12.8070440292       2.0731086731      36.7473297119
SI                540
      10.3664007187       4.2641296387      10.7205152512
SI                541
      18.4569053650       9.5647630692      17.2603950500
SI                542
      10.0288066864      11.1991834641       2.3134818077
SI                543
       1.5186675787       0.6655701399      38.4413490295
SI                544
       3.6767907143       0.9822070599      19.5345954895
SI                545
       5.0337395668       3.8974769115      27.2488460541
SI                546
       6.8831763268       2.4099032879      17.0607299805
SI                547
      17.0937252045       4.7550902367      21.4072036743
SI                548
      13.1997632980       6.1586809158       2.3337624073
SI                549
      16.0707759857       7.9258294106       4.8346967697
SI                550
      17.9102458954       8.8485965729      45.3993530273
SI                551
       7.8325557709      13.0610294342      44.7378387451
SI                552
      10.0671768188      12.2555885315      12.8887262344
SI                553
      15.4665031433      12.8707180023      27.2968921661
SI                554
      14.5974645615       9.5732698441      30.5066013336
SI                555
      19.2496452332      11.1331863403      29.7271194458
SI                556
      10.3072099686       8.5522537231      14.9521160126
SI                557
      17.4973773956       5.8835234642       5.4199037552
SI                558
      16.7437324524       3.6796758175      38.6656265259
SI                559
      12.5060482025      12.8017206192      37.8210906982
SI                560
      20.5661716461      10.8808250427      43.5222587585
SI                561
       4.7614507675       1.6762461662       7.5335440636
SI                562
       9.8233404160      11.7934484482      27.8491859436
SI                563
       0.8884735107       1.5375671387      21.0137157440
SI                564
      15.8327579498       4.6735205650      26.6483516693
SI                565
      10.0105295181       9.9014272690       4.2439460754
SI                566
       5.0700731277       7.9023165703      26.3205757141
SI                567
      18.1308498383       7.5722188950       9.3920011520
SI                568
      11.0263290405      12.5966920853       5.8752593994
SI                569
      15.1334581375       0.6702283025       6.3378233910
SI                570
      17.2247219086      12.7687273026       5.9656515121
SI                571
      13.7331752777       8.5302724838      38.1224899292
SI                572
      13.6573143005       1.7162700891      23.3488674164
SI                573
      12.7949190140       8.7233057022      41.7482948303
SI                574
      15.5478277206       9.6864767075       1.0427780151
SI                575
      14.5813016891       2.6761789322       8.6902570724
SI                576
       1.7946679592       0.2999988496      36.0436019897
SI                577
      15.7588376999       9.5654153824       7.2652330399
SI                578
       4.8407754898       3.8848056793      18.7122802734
SI                579
      12.0299482346       2.9751663208      26.7839126587
SI                580
       9.3414020538       4.5465741158      36.6133460999
SI                581
      18.1878089905       9.3051996231      13.0470027924
SI                582
      19.1241035461      10.5333662033       7.8572850227
SI                583
       6.2326464653       3.7535181046       3.3832747936
SI                584
       9.5003480911       2.2604777813      34.6803932190
SI                585
       3.4669024944       1.6255360842       9.8732366562
SI                586
       4.9045715332       1.4103701115      11.9053459167
SI                587
       5.9815225601       2.8450772762      42.9258308411
SI                588
       9.8958377838       7.6588401794       5.2751507759
SI                589
      16.6811847687       4.7392420769      36.5744171143
SI                590
      13.0282545090       1.5176185369      34.5786018372
SI                591
       7.5035686493       9.9479866028      15.9905185699
SI                592
       8.5303010941       4.6003441811       0.8222038746
SI                593
      12.0758104324      10.4467477798      40.5805397034
SI                594
      12.7983522415      12.5295219421      26.4385242462
SI                595
       8.0688228607       4.6857795715      28.9470195770
SI                596
      16.2799205780       3.7445411682       7.2830781937
SI                597
      16.6765270233      12.2242746353      35.8937797546
SI                598
      18.3198757172       6.1035504341      31.6188182831
SI                599
      20.7168655396      10.7613458633      38.3580551147
SI                600
       8.5407800674      11.0353050232      18.4556865692
SI                601
      12.2695875168       5.3095531464      45.5995788574
SI                602
      12.5910825729      10.8036565781      45.0495986938
SI                603
       1.9041448832       0.4234477878      31.0240001678
SI                604
      20.8028526306      12.9604082108      11.0127773285
SI                605
      16.9672527313      11.5326833725      33.1440773010
SI                606
      17.4779624939       5.4498839378      17.4056568146
SI                607
       7.5104918480      12.4089708328      39.7351646423
SI                608
      16.0936107635       5.0074677467      15.3392782211
SI                609
       8.9289913177       8.5703821182       9.6042423248
SI                610
      13.5396442413       8.5429248810      20.7622013092
SI                611
      12.8332815170       7.7911391258       3.7721230984
SI                612
      15.2259588242       3.9795067310      44.8569107056
SI                613
      14.1062326431       6.0977950096      34.2070350647
SI                614
      14.5086050034       5.4433994293       8.9060478210
SI                615
      13.9701118469       2.5621986389      18.8907947540
SI                616
      14.1537466049       7.6748852730      29.0229511261
SI                617
       8.9603939056       7.0439419746      18.4523468018
SI                618
       7.4487743378       0.7465915084      44.4695854187
SI                619
      17.0214576721       3.8901805878      34.2849311829
SI                620
       8.0348930359       7.2195658684      23.7510738373
SI                621
       8.8671674728       1.4232379198      15.4576997757
SI                622
      12.9928979874       4.4470562935      40.5095787048
SI                623
      19.9462184906      11.2337188721      34.3985671997
SI                624
      11.2700786591       8.8031501770      22.8429965973
SI                625
       2.5782494545       3.4098994732       1.1172211170
SI                626
      17.7233276367       7.5009799004       2.7849516869
SI                627
       7.2926311493       0.7893139720      39.6889610291
SI                628
      17.5185470581       5.9199261665      46.0994758606
SI                629
       6.1276464462       7.3057179451      30.7126922607
SI                630
       9.4221363068      11.2561244965      44.9907188416
SI                631
      11.6655263901       2.5304286480      21.1556034088
SI                632
       5.9620566368       6.0862970352      44.9800949097
SI                633
      21.6914768219      12.3107881546      21.2773742676
SI                634
       4.9993066788       4.1760177612       7.6632847786
SI                635
       4.4102892876       2.3694164753      23.9231948853
SI                636
      11.7857227325       2.6340970993      14.9510030746
SI                637
       9.6563673019       4.3012838364      40.2403182983
SI                638
      14.0891008377       1.2454607487      30.1440963745
SI                639
      11.1503391266       1.9654034376      30.5546569824
SI                640
       2.9458940029       2.2000012398      44.5582771301
SI                641
       6.8548073769       7.2804360390      43.2994117737
SI                642
      12.9091272354       7.7547426224      15.3627882004
SI                643
      15.1943130493       6.2743134499      23.7143039703
SI                644
      10.0739173889      10.4023323059      34.9788360596
SI                645
       8.4077033997       2.4519217014      42.7983169556
SI                646
      11.6855764389       6.0541467667      18.9107227325
SI                647
       6.5897164345       7.0912971497       1.4417886734
SI                648
      19.4758872986       7.5153126717      14.2905378342
SI                649
      19.6748218536      10.0791788101      10.8155040741
SI                650
      18.2229061127      11.3499536514      12.0790872574
SI                651
      19.3878612518      13.1914005280      21.4415149689
SI                652
      14.3621788025      11.4826965332      13.4606075287
SI                653
      18.1655597687       6.6946535110      29.0851917267
SI                654
      20.9437198639      12.3819675446      45.0927276611
SI                655
       7.2214159966      11.0478973389      35.3756103516
SI                656
      11.5338115692       9.3523330688       9.7112560272
SI                657
       5.6538572311       5.3107929230      25.3509197235
SI                658
      14.4119491577       3.4999296665      15.5150365829
SI                659
       6.7097678185       0.7149009109       0.5352768302
SI                660
       8.7653503418      12.2555217743      25.7277870178
SI                661
       8.1218128204       3.7607386112      25.6256885529
SI                662
      14.4166984558       9.9190645218       5.4164538383
SI                663
       6.6833696365       2.1495511532       8.8609457016
SI                664
       5.1868724823       7.0445380211       4.5701665878
SI                665
       5.8282284737       6.5602869987      16.3250274658
SI                666
       6.4389877319       7.3405542374      33.7313117981
SI                667
      15.8885450363       4.6798529625      42.3322257996
SI                668
       9.8265380859       1.7303143740       9.5792770386
SI                669
       7.7035765648       7.9103646278      12.9808044434
SI                670
      16.6255550385       8.3523778915      19.4189624786
SI                671
      12.0358629227       5.2755126953      22.0867824554
SI                672
      14.2794485092       6.3541898727      13.6282749176
SI                673
       3.5643713474       6.1716341972      25.9954032898
SI                674
      15.7454900742       9.9120092392      36.1874198914
SI                675
      20.0942745209       8.6777858734       0.2395430952
SI                676
       5.1800351143       1.9777575731      35.6256561279
SI                677
      14.8945055008       5.2732868195      21.0105304718
SI                678
      17.7614269257      10.2602920532      19.3552436829
SI                679
       9.9212074280       6.0445609093      34.3027534485
SI                680
      20.2934684753       8.8779973984      28.9150772095
SI                681
      18.3485546112      12.7442531586       9.9601125717
SI                682
      11.9807243347       1.4566313028      24.8798122406
SI                683
      16.4911899567       6.2553892136      39.4710884094
SI                684
      11.6381521225      11.1517868042      36.3697128296
SI                685
       3.9707372189       3.1298460960      38.0149383545
SI                686
       8.1405687332       9.7074594498      31.3246936798
SI                687
      19.9930210114      12.5631275177       1.4044238329
SI                688
       5.0338711739       4.6096572876      32.1953735352
SI                689
      11.6795434952       4.5910086632      35.0225410461
SI                690
      10.1856203079       6.7559642792      32.0505409241
SI                691
      10.9070119858       0.4611061811      43.7812232971
SI                692
       7.9581298828       9.2136697769      34.3687400818
SI                693
      16.4719600677       3.3346493244      13.3470134735
SI                694
       7.3336448669       1.6455162764      24.9898796082
SI                695
      15.0066223145       6.8108158112      43.7554740906
SI                696
      11.9014396667      11.5949363708       8.6744079590
SI                697
      10.0689420700       7.9365978241       2.3981204033
SI                698
       6.1970086098      10.4029254913       0.7964342237
SI                699
      11.2594060898       4.1494355202      37.6445198059
SI                700
      16.2062492371       9.8028326035      14.6169013977
SI                701
      16.9056777954       7.8958034515      36.8834991455
SI                702
      19.3156623840       7.8721890450      11.5897397995
SI                703
       6.9691457748       3.6364428997      10.5560216904
SI                704
      15.2295055389       0.3022724390      10.2266817093
SI                705
       8.0824031830      12.3543987274      30.1068077087
SI                706
      10.9091653824       8.6614875793      11.8897275925
SI                707
      12.7678232193       2.4094150066       1.1230298281
SI                708
       4.4706315994       7.0959362984      43.2179603577
SI                709
       4.5207400322       0.3230866790      44.7352600098
SI                710
      16.1749324799       6.8638944626      26.7205905914
SI                711
       9.7096471786      11.6035261154      40.1643562317
SI                712
      14.4898242950       5.3254933357      17.5819759369
SI                713
       4.8439798355       4.6689987183       1.1253334284
SI                714
       6.8420596123       9.4866170883      27.1669292450
SI                715
       5.6346149445       3.4148049355      12.6973161697
SI                716
       7.6058239937       1.6368278265       6.1990003586
SI                717
      12.3898658752       6.2963261604      10.7691774368
SI                718
      13.1584749222       9.0501365662      25.4884738922
SI                719
       8.8036594391       1.7294708490      13.1538515091
SI                720
      21.5310058594      12.4611272812      14.8824348450
SI                721
       7.7071394920       4.7838859558      44.6268157959
SI                722
       2.6325402260       0.7914480567       0.4421621859
SI                723
       9.8857030869       0.8582920432      46.0478172302
SI                724
      16.3355083466       7.7383012772      21.5594081879
SI                725
      12.9152374268       8.4352731705      34.3875350952
SI                726
      13.7480945587      10.8179607391       3.2633986473
SI                727
       2.6073229313       2.6375787258       4.8685455322
SI                728
      10.0113935471      10.4347715378       7.1769571304
SI                729
       4.7214641571       0.8145041466      16.2671508789
SI                730
       7.5080599785      12.6827650070      41.9424514771
SI                731
       3.1170556545       1.7742829323      32.6022987366
SI                732
      15.0576610565       9.3794193268      12.0742378235
SI                733
       6.6140971184       3.7836074829       0.0911526904
SI                734
      10.2809743881       1.4502133131       7.3211259842
SI                735
      15.2246074677       1.7028981447      28.0583972931
SI                736
      12.7682905197       0.0916568041      39.4631195068
SI                737
      16.7047748566      11.8412828445      40.0307006836
SI                738
      21.3250503540      10.9829463959      28.6305522919
SI                739
       6.0240945816       1.3597836494      21.3320560455
SI                740
      12.3121595383       9.0477170944      18.0132713318
SI                741
      12.7658405304      11.2262287140      10.9122667313
SI                742
      22.2148075104      12.8354568481       1.2391475439
SI                743
      12.0923910141       6.5922632217      39.9210548401
SI                744
      13.3192033768       4.9630107880      42.7574577332
SI                745
       4.1445665359       4.5827069283      44.5169563293
SI                746
      11.3973007202       7.5520896912      20.6405181885
SI                747
       7.5846257210       6.0927119255      41.5788078308
SI                748
      13.4716691971       0.2467900366       4.8393373489
SI                749
       9.6910181046       0.1081172973      29.5673313141
SI                750
       9.1391639709      12.8743486404      33.2344589233
SI                751
      19.1919517517      10.8166608810      27.1417655945
SI                752
      13.0192012787       1.8088210821       6.9661378860
SI                753
       9.4172124863       8.1739606857      35.7238311768
SI                754
      13.0712308884      11.4944992065      29.1196250916
SI                755
       6.8507442474       2.8118867874      37.1499137878
SI                756
       9.6227741241       4.5260167122      42.4895744324
SI                757
       9.4165773392       6.0674839020       7.6910824776
SI                758
       6.8590884209       2.9100124836      40.1213569641
SI                759
      13.4395694733       7.8228235245      31.5376853943
SI                760
      15.2586650848       2.0724427700      35.9815177917
SI                761
      15.6548728943      12.6728973389      42.6689605713
SI                762
      14.1475391388       2.9950578213      25.2845878601
SI                763
       3.7750158310       0.4654853046      27.6843070984
SI                764
       9.3083658218       7.1009340286      21.4040298462
SI                765
      18.2669696808       7.9955778122      23.4269351959
SI                766
      11.7696094513       9.6957778931      28.9066677094
SI                767
       8.8379755020       3.3168475628      23.4526844025
SI                768
       9.9166879654       9.1085271835      39.7421112061
SI                769
       8.5956153870      10.2408285141      24.0962753296
SI                770
      17.6634254456       4.2494702339      24.0531444550
SI                771
      15.2757139206       2.3074653149      32.5967407227
SI                772
      13.1983299255      13.0177841187      18.7644596100
SI                773
       7.5155124664       1.4651073217      31.7455940247
SI                774
      18.0888404846       9.5338840485       3.9771671295
SI                775
       9.6758308411      12.3552742004      15.1377286911
SI                776
       6.6016130447       4.9325947762      17.6711559296
SI                777
       7.9183721542       7.8549833298       7.1318550110
SI                778
       1.9648205042       1.0675822496       7.0383987427
SI                779
      13.8103904724       4.9353408813      27.8384284973
SI                780
      10.7497377396       0.4057062268      13.7928905487
SI                781
      16.2118968964       9.7877988815      25.7396793365
SI                782
       9.3474493027       1.2895308733      36.7096786499
SI                783
       9.2226448059       4.4429054260      19.8786830902
SI                784
       5.1850304604       5.1232299805      10.4956760406
SI                785
      15.8092050552       1.6601978540      15.6909379959
SI                786
      15.6091785431      11.5840473175      37.9027671814
SI                787
       3.0316607952       2.6660888195      35.8807296753
SI                788
      16.4166278839       3.7635383606      10.1488103867
SI                789
      14.4311571121      10.2735719681       9.8292579651
SI                790
      14.7359027863       2.1531310081      43.7141952515
SI                791
       8.9672145844       2.1480860710      29.1626014709
SI                792
       6.3950719833       9.9518833160      18.2078208923
SI                793
       9.5453042984       9.9678745270      41.8485641479
SI                794
      20.2622985840       9.2380447388      31.9336090088
SI                795
      11.3043508530       5.5658874512       5.7545013428
SI                796
       7.4844264984       4.8669619560       8.6951074600
SI                797
      11.1474952698       0.3440023661      32.9037170410
SI                798
       8.2430477142      12.6250371933       4.3960618973
SI                799
       5.0059585571       4.6832489967      40.3737640381
SI                800
      18.8432350159       6.7223839760      18.8196239471
SI                801
      17.1035537720      11.8064842224       2.1698749065
SI                802
       7.2119512558      11.2259435654       2.7089874744
SI                803
      14.8651294708      10.1683502197      33.6496391296
SI                804
      18.1893634796       7.4092121124      16.4108467102
SI                805
      17.1009330750       6.7460360527      13.7325334549
SI                806
      10.1362972260       3.6120741367      45.8154792786
SI                807
      18.1377620697       8.9894599915      39.2312469482
SI                808
      15.8246412277      11.7621068954      11.4493074417
SI                809
       7.7165145874       5.8062629700      35.4419517517
SI                810
      12.9296302795       8.6877012253       7.4450697899
SI                811
      17.9602718353       9.8598976135      34.7635078430
SI                812
       9.6208095551       7.7379555702      26.0382347107
SI                813
       1.5685307980       2.4460301399       2.9066576958
SI                814
      12.4444532394      12.4646186829      23.6942214966
SI                815
      22.3758049011      12.9684028625      34.1270256042
SI                816
      14.8332605362       0.5048306584      19.0540103912
SI                817
      11.6932802200       5.5761966705      29.7756938934
SI                818
      14.8993082047       8.0713701248       8.7423915863
SI                819
      15.2968645096       9.1388731003      42.5123710632
SI                820
      13.8614282608       6.5440835953      19.3643798828
SI                821
      13.1007471085       8.6244058609       1.0572719574
SI                822
       4.1038236618       4.6040697098      14.8909769058
SI                823
       9.0618782043       8.8449754715      44.5772361755
SI                824
      14.5445795059       2.9096159935       4.7197256088
SI                825
       3.5432884693       1.7624362707      13.6887311935
SI                826
      16.3598270416       2.4990170002      30.4487800598
SI                827
       6.8259210587      10.1070041656      40.9162178040
SI                828
      16.9809074402       5.8645071983       8.2974634171
SI                829
       2.0120818615       2.5243911743      27.5129680634
SI                830
       9.6651782990       3.5107617378      27.2885150909
SI                831
      10.2002086639       8.8537397385      32.9486656189
SI                832
      17.7797546387      13.2316751480      24.0086593628
SI                833
      10.2094173431      11.1984004974      31.1514053345
SI                834
      10.7730026245       6.7860665321      13.3950805664
SI                835
       7.3231787682       3.8904721737      15.1740465164
SI                836
      13.2387228012       6.5329723358      25.7064800262
SI                837
      20.0170402527      12.2837972641      13.0722990036
SI                838
      17.3726692200      12.9222488403      19.4362773895
SI                839
       5.2228946686       8.3430843353       9.5245189667
SI                840
       6.9384884834      10.0524101257       8.0732736588
SI                841
       8.9574146271      13.1623773575      23.4800624847
SI                842
      15.3104114532      11.8127212524      16.0494422913
SI                843
      15.0299663544       4.6172962189      32.7233848572
SI                844
      16.1169185638       7.6916027069      32.1978187561
SI                845
      19.0126895905       7.6854224205       6.2526888847
SI                846
       7.0408740044       1.7001013756      33.9528236389
SI                847
      10.9613800049       6.0026755333       1.2568711042
SI                848
      18.1085510254       9.2197332382      30.7687835693
SI                849
       8.2320775986       7.4363937378      30.0036296844
SI                850
       4.7903375626       1.1397376060      39.4167938232
SI                851
       7.1592001915       8.5093603134      19.7846965790
SI                852
       9.5531539917       3.7299516201      15.8177919388
SI                853
      11.2694034576       0.8646941781      27.0294723511
SI                854
       9.8611993790       2.9521069527      32.0542449951
SI                855
       5.2646079063       6.1994185448      28.5828056335
SI                856
      16.9199771881      12.3683061600       8.1797466278
SI                857
      10.1713075638      12.3584642410      19.2668457031
SI                858
      10.6026830673       1.7406421900       1.7976919413
SI                859
       5.5053186417       9.0204629898       2.8698878288
SI                860
      15.0916509628       6.1429495811      11.2312126160
SI                861
      13.0882797241       2.7243745327      32.0532302856
SI                862
       6.7557144165       3.4219841957      20.3452472687
SI                863
      16.4211997986      12.4371261597      13.4871921539
SI                864
       8.8958148956       7.8471193314      42.3852310181
SI                865
      18.9681930542      12.6746501923      35.8429908752
SI                866
      16.7143115997      11.3498773575      30.5477142334
SI                867
       6.0736103058       4.6120862961      38.1941032410
